      0/59     4.88G       5.2       4.3      4.57      14.1         0       512    0.0694     0.101    0.0587    0.0741      4.29      3.57      3.95
      1/59     4.89G      4.04       2.2      3.86      10.1         0       512     0.155     0.238     0.165     0.156      3.14      2.58      3.53
      2/59     4.89G      3.38      1.69      3.43       8.5         0       512     0.149     0.397     0.195     0.195      3.13      2.28       2.6
      3/59     4.89G      3.08      1.44      2.91      7.43         0       512     0.199     0.441     0.266     0.252      2.76      2.09      2.19
      4/59     4.89G      2.78      1.28      2.52      6.59         0       512     0.223     0.475     0.325      0.28      2.76      1.88      1.87
      5/59     4.89G      2.65      1.17      2.22      6.04         0       512     0.228     0.549     0.357     0.312      2.45      1.83      1.71
      6/59     4.89G      2.52      1.08      1.96      5.56         0       512     0.222     0.538     0.356     0.306      2.57      1.78      1.58
      7/59     4.89G      2.07      1.03      1.76      4.86         0       512     0.244     0.567     0.404     0.327      2.05       1.7      1.45
      8/59     4.89G      1.85     0.979      1.64      4.47         0       512      0.25     0.576     0.411     0.335      2.02       1.7       1.4
      9/59     4.89G      1.75     0.948      1.57      4.27         0       512     0.254     0.577     0.419     0.339      2.04      1.71      1.37
     10/59     4.89G       1.7     0.931       1.5      4.13         0       512     0.258     0.581     0.421     0.343      2.05      1.71      1.35
     11/59     4.89G      1.66     0.906      1.43         4         0       512     0.267      0.58     0.428     0.352       2.1      1.72      1.31
     12/59     4.89G      1.62      0.89      1.36      3.87         0       512     0.273     0.583     0.437     0.359      2.02      1.72      1.28
     13/59     4.89G      1.61     0.871      1.27      3.75         0       512     0.276     0.586     0.445     0.362      2.05      1.72      1.27
     14/59     4.89G      1.58     0.854       1.2      3.63         0       512     0.284     0.591     0.452      0.37      2.03      1.73      1.23
     15/59     4.89G       1.6     0.839      1.12      3.56         0       512     0.284     0.588     0.453      0.37      2.05      1.72      1.22
     16/59     4.89G      1.61     0.812      1.05      3.47         0       512       0.3     0.592     0.467     0.385      2.03      1.74       1.2
     17/59     4.89G      1.62     0.796     0.988      3.41         0       512     0.304     0.599      0.47     0.388      2.12      1.74      1.19
     18/59     4.89G      1.65     0.788     0.933      3.38         0       512     0.312     0.577     0.464     0.395      2.04      1.74      1.21
     19/59     4.89G      1.66     0.768     0.871       3.3         0       512     0.316     0.581     0.473     0.397      2.07      1.77      1.24
     20/59     4.89G      1.71     0.753     0.826      3.29         0       512     0.308     0.587      0.47     0.391      2.22      1.76      1.19
     21/59     4.89G      1.74     0.737     0.783      3.26         0       512     0.365     0.576     0.485      0.41      2.11      1.77      1.22
     22/59     4.89G      1.75     0.721      0.74      3.21         0       512     0.427       0.6     0.489     0.422      2.17      1.77      1.19
     23/59     4.89G      1.76     0.709     0.692      3.16         0       512     0.362     0.586     0.496     0.427      2.12       1.8      1.22
     24/59     4.89G      1.77     0.691     0.658      3.12         0       512     0.336     0.577     0.473     0.411      2.25      1.81      1.25
     25/59     4.89G      1.84     0.692     0.654      3.19         0       512     0.403     0.609     0.484     0.429      2.12      1.85      1.27
     26/59     4.89G      1.86     0.682     0.634      3.17         0       512      0.43     0.581     0.495     0.448      2.18      1.81       1.3
     27/59     4.89G      1.86     0.681      0.64      3.18         0       512     0.426     0.614     0.501     0.447      2.27      1.85       1.2
     28/59     4.89G       1.9     0.674     0.602      3.17         0       512     0.429      0.62     0.503     0.453      2.18      1.82      1.26
     29/59     4.89G      1.84     0.655      0.57      3.06         0       512     0.447      0.62     0.514     0.468      2.12      1.84      1.19
     30/59     4.89G      1.89     0.645      0.56      3.09         0       512     0.499     0.613     0.508     0.463      2.26      1.86      1.23
     31/59     4.89G       1.9     0.642     0.541      3.09         0       512     0.413     0.623     0.487      0.45      2.14      1.85      1.26
     32/59     4.89G      1.89     0.632      0.52      3.04         0       512     0.522     0.616     0.529     0.495      2.11      1.93      1.25
     33/59     4.89G      1.91     0.633     0.501      3.04         0       512     0.449     0.619     0.531     0.473      2.21      1.95      1.23
     34/59     4.89G      1.95     0.625     0.471      3.05         0       512     0.516     0.628     0.535     0.476      2.17      1.89      1.26
     35/59     4.89G      1.94     0.617     0.461      3.02         0       512     0.429     0.619      0.54     0.479      2.27      1.92      1.19
     36/59     4.89G      1.93     0.613     0.442      2.99         0       512     0.413     0.681     0.524     0.484      2.26      1.91      1.25
     37/59     4.89G      1.93      0.61     0.443      2.98         0       512     0.417     0.635     0.531     0.485      2.26       1.9      1.24
     38/59     4.89G      2.01     0.617     0.448      3.08         0       512     0.435     0.697      0.53     0.505      2.25      1.93      1.21
     39/59     4.89G      1.97     0.615     0.454      3.03         0       512     0.395      0.68     0.516     0.479      2.13      1.98      1.28
     40/59     4.89G      1.87     0.599      0.41      2.88         0       512     0.439     0.661     0.547     0.501      2.21      1.98      1.35
     41/59     4.89G      1.95     0.611     0.416      2.98         0       512     0.401     0.663     0.523     0.477      2.29      1.99      1.34
     42/59     4.89G      1.93     0.602     0.397      2.92         0       512     0.412     0.678     0.516      0.48      2.19      2.01      1.29
     43/59     4.89G      1.94     0.598     0.403      2.94         0       512     0.453     0.673     0.563     0.522       2.2      2.02      1.25
     44/59     4.89G       1.9     0.589     0.376      2.87         0       512      0.47     0.635     0.545     0.505      2.17         2      1.25
     45/59     4.89G      1.95     0.589     0.388      2.93         0       512      0.53     0.683     0.571     0.534      2.09         2      1.24
     46/59     4.89G      1.93     0.582     0.379      2.89         0       512     0.516     0.638     0.554     0.512      2.18      2.04      1.31
     47/59     4.89G      1.89     0.578      0.36      2.83         0       512     0.514     0.638     0.569      0.51       2.1      1.97      1.24
     48/59     4.89G      1.86     0.567     0.353      2.78         0       512     0.449     0.657     0.537     0.511       2.1      2.05      1.36
     49/59     4.89G      1.87      0.57     0.365       2.8         0       512      0.45     0.649     0.546     0.503      2.11      2.02      1.27
     50/59     4.89G       1.9     0.577      0.39      2.87         0       512     0.514     0.638     0.551     0.481      2.14         2       1.3
     51/59     4.89G      1.85     0.578      0.39      2.82         0       512     0.459     0.708     0.592     0.544      2.08      2.05      1.28
     52/59     4.89G      1.82     0.575     0.367      2.77         0       512     0.484     0.682     0.581     0.536      2.09      1.95      1.17
     53/59     4.89G      1.86     0.578     0.372      2.81         0       512       0.5     0.679     0.601     0.539      2.09      2.09      1.28
     54/59     4.89G      1.82     0.566     0.341      2.72         0       512     0.496     0.651     0.574     0.498      2.12      2.15      1.46
     55/59     4.89G      1.86     0.567     0.347      2.77         0       512     0.413     0.673     0.529     0.478      2.21      2.18      1.38
     56/59     4.89G      1.75     0.545     0.306       2.6         0       512     0.544     0.691     0.608     0.565       2.1      2.16      1.29
     57/59     4.89G      1.83     0.547     0.305      2.68         0       512     0.503     0.671     0.586     0.547      2.08       2.2      1.26
     58/59     4.89G      1.83      0.55     0.301      2.68         0       512      0.51     0.717     0.596     0.555      2.14      2.12      1.31
     59/59     4.89G      1.76     0.533     0.281      2.58         0       512     0.522     0.645     0.581      0.52      2.17      2.07      1.31
